25000,162000,"ТМ-25/10/0,4",10,0,5,5
40000,176000,"ТМ-40/10/0,4",10,0,5,5
63000,185000,"ТМ-63/10/0,4",10,0,5,4
100000,224000,"ТМ-100/10/0,4",10,0,5,4
160000,248000,"ТМ-160/10/0,4",10,0,6,4
250000,354000,"ТМ-250/10/0,4",10,0,5,2
400000,498000,"ТМ-400/10/0,4",10,0,5,2
630000,597000,"ТМ-630/10/0,4",10,0,6,2
1000000,894000,"ТМ-1000/10/0,4",10,0,6,1
1600000,1476000,"ТМ-1600/10/0,4",10,0,6,1
2500000,3260000,"ТМ-2500/10/0,4",10,0,6,1
25000,296000,"ТСЗ-25/10/0,4",10,0,0,0
40000,324000,"ТСЗ-40/10/0,4",10,0,4,0
63000,378000,"ТСЗ-63/10/0,4",10,0,4,0
100000,568000,"ТСЗ-100/10/0,4",10,0,4,0
160000,676000,"ТСЗ-160/10/0,4",10,0,4,0
250000,854000,"ТСЗ-250/10/0,4",10,0,4,0
400000,998000,"ТСЗ-400/10/0,4",10,0,4,0
630000,1326000,"ТСЗ-630/10/0,4",10,0,4,0
1000000,1742000,"ТСЗ-1000/10/0,4",10,0,4,0
1250000,1980000,"ТСЗ-1250/10/0,4",10,0,4,0
1600000,2364000,"ТСЗ-1600/10/0,4",10,0,6,0
2500000,3676000,"ТСЗ-2500/10/0,4",10,0,6,0

